<!DOCTYPE html>

<html>

<head>

<meta charset="utf-8" />
<meta name="generator" content="pandoc" />
<meta http-equiv="X-UA-Compatible" content="IE=EDGE" />




<title>af_weather</title>

<script src="site_libs/jquery-1.11.3/jquery.min.js"></script>
<meta name="viewport" content="width=device-width, initial-scale=1" />
<link href="site_libs/bootstrap-3.3.5/css/sandstone.min.css" rel="stylesheet" />
<script src="site_libs/bootstrap-3.3.5/js/bootstrap.min.js"></script>
<script src="site_libs/bootstrap-3.3.5/shim/html5shiv.min.js"></script>
<script src="site_libs/bootstrap-3.3.5/shim/respond.min.js"></script>
<script src="site_libs/jqueryui-1.11.4/jquery-ui.min.js"></script>
<link href="site_libs/tocify-1.9.1/jquery.tocify.css" rel="stylesheet" />
<script src="site_libs/tocify-1.9.1/jquery.tocify.js"></script>
<script src="site_libs/navigation-1.1/tabsets.js"></script>
<link href="site_libs/highlightjs-9.12.0/default.css" rel="stylesheet" />
<script src="site_libs/highlightjs-9.12.0/highlight.js"></script>
<script src="site_libs/kePrint-0.0.1/kePrint.js"></script>
<link href="site_libs/font-awesome-5.1.0/css/all.css" rel="stylesheet" />
<link href="site_libs/font-awesome-5.1.0/css/v4-shims.css" rel="stylesheet" />
<link rel="shortcut icon" href="favicon.ico">

<style type="text/css">code{white-space: pre;}</style>
<style type="text/css">
  pre:not([class]) {
    background-color: white;
  }
</style>
<script type="text/javascript">
if (window.hljs) {
  hljs.configure({languages: []});
  hljs.initHighlightingOnLoad();
  if (document.readyState && document.readyState === "complete") {
    window.setTimeout(function() { hljs.initHighlighting(); }, 0);
  }
}
</script>



<style type="text/css">
h1 {
  font-size: 34px;
}
h1.title {
  font-size: 38px;
}
h2 {
  font-size: 30px;
}
h3 {
  font-size: 24px;
}
h4 {
  font-size: 18px;
}
h5 {
  font-size: 16px;
}
h6 {
  font-size: 12px;
}
.table th:not([align]) {
  text-align: left;
}
</style>




<style type = "text/css">
.main-container {
  max-width: 940px;
  margin-left: auto;
  margin-right: auto;
}
code {
  color: inherit;
  background-color: rgba(0, 0, 0, 0.04);
}
img {
  max-width:100%;
}
.tabbed-pane {
  padding-top: 12px;
}
.html-widget {
  margin-bottom: 20px;
}
button.code-folding-btn:focus {
  outline: none;
}
summary {
  display: list-item;
}
</style>


<style type="text/css">
/* padding for bootstrap navbar */
body {
  padding-top: 61px;
  padding-bottom: 40px;
}
/* offset scroll position for anchor links (for fixed navbar)  */
.section h1 {
  padding-top: 66px;
  margin-top: -66px;
}
.section h2 {
  padding-top: 66px;
  margin-top: -66px;
}
.section h3 {
  padding-top: 66px;
  margin-top: -66px;
}
.section h4 {
  padding-top: 66px;
  margin-top: -66px;
}
.section h5 {
  padding-top: 66px;
  margin-top: -66px;
}
.section h6 {
  padding-top: 66px;
  margin-top: -66px;
}
.dropdown-submenu {
  position: relative;
}
.dropdown-submenu>.dropdown-menu {
  top: 0;
  left: 100%;
  margin-top: -6px;
  margin-left: -1px;
  border-radius: 0 6px 6px 6px;
}
.dropdown-submenu:hover>.dropdown-menu {
  display: block;
}
.dropdown-submenu>a:after {
  display: block;
  content: " ";
  float: right;
  width: 0;
  height: 0;
  border-color: transparent;
  border-style: solid;
  border-width: 5px 0 5px 5px;
  border-left-color: #cccccc;
  margin-top: 5px;
  margin-right: -10px;
}
.dropdown-submenu:hover>a:after {
  border-left-color: #ffffff;
}
.dropdown-submenu.pull-left {
  float: none;
}
.dropdown-submenu.pull-left>.dropdown-menu {
  left: -100%;
  margin-left: 10px;
  border-radius: 6px 0 6px 6px;
}
</style>

<script>
// manage active state of menu based on current page
$(document).ready(function () {
  // active menu anchor
  href = window.location.pathname
  href = href.substr(href.lastIndexOf('/') + 1)
  if (href === "")
    href = "index.html";
  var menuAnchor = $('a[href="' + href + '"]');

  // mark it active
  menuAnchor.parent().addClass('active');

  // if it's got a parent navbar menu mark it active as well
  menuAnchor.closest('li.dropdown').addClass('active');
});
</script>

<!-- tabsets -->

<style type="text/css">
.tabset-dropdown > .nav-tabs {
  display: inline-table;
  max-height: 500px;
  min-height: 44px;
  overflow-y: auto;
  background: white;
  border: 1px solid #ddd;
  border-radius: 4px;
}

.tabset-dropdown > .nav-tabs > li.active:before {
  content: "";
  font-family: 'Glyphicons Halflings';
  display: inline-block;
  padding: 10px;
  border-right: 1px solid #ddd;
}

.tabset-dropdown > .nav-tabs.nav-tabs-open > li.active:before {
  content: "&#xe258;";
  border: none;
}

.tabset-dropdown > .nav-tabs.nav-tabs-open:before {
  content: "";
  font-family: 'Glyphicons Halflings';
  display: inline-block;
  padding: 10px;
  border-right: 1px solid #ddd;
}

.tabset-dropdown > .nav-tabs > li.active {
  display: block;
}

.tabset-dropdown > .nav-tabs > li > a,
.tabset-dropdown > .nav-tabs > li > a:focus,
.tabset-dropdown > .nav-tabs > li > a:hover {
  border: none;
  display: inline-block;
  border-radius: 4px;
  background-color: transparent;
}

.tabset-dropdown > .nav-tabs.nav-tabs-open > li {
  display: block;
  float: none;
}

.tabset-dropdown > .nav-tabs > li {
  display: none;
}
</style>

<!-- code folding -->



<style type="text/css">

#TOC {
  margin: 25px 0px 20px 0px;
}
@media (max-width: 768px) {
#TOC {
  position: relative;
  width: 100%;
}
}

@media print {
.toc-content {
  /* see https://github.com/w3c/csswg-drafts/issues/4434 */
  float: right;
}
}

.toc-content {
  padding-left: 30px;
  padding-right: 40px;
}

div.main-container {
  max-width: 1200px;
}

div.tocify {
  width: 20%;
  max-width: 260px;
  max-height: 85%;
}

@media (min-width: 768px) and (max-width: 991px) {
  div.tocify {
    width: 25%;
  }
}

@media (max-width: 767px) {
  div.tocify {
    width: 100%;
    max-width: none;
  }
}

.tocify ul, .tocify li {
  line-height: 20px;
}

.tocify-subheader .tocify-item {
  font-size: 0.90em;
}

.tocify .list-group-item {
  border-radius: 0px;
}


</style>



</head>

<body>


<div class="container-fluid main-container">


<!-- setup 3col/9col grid for toc_float and main content  -->
<div class="row-fluid">
<div class="col-xs-12 col-sm-4 col-md-3">
<div id="TOC" class="tocify">
</div>
</div>

<div class="toc-content col-xs-12 col-sm-8 col-md-9">




<div class="navbar navbar-default  navbar-fixed-top" role="navigation">
  <div class="container">
    <div class="navbar-header">
      <button type="button" class="navbar-toggle collapsed" data-toggle="collapse" data-target="#navbar">
        <span class="icon-bar"></span>
        <span class="icon-bar"></span>
        <span class="icon-bar"></span>
      </button>
      <a class="navbar-brand" href="index.html">Heat Stress Research</a>
    </div>
    <div id="navbar" class="navbar-collapse collapse">
      <ul class="nav navbar-nav">
        <li>
  <a href="index.html">
    <span class="fa fa-home"></span>
     
    Home
  </a>
</li>
<li>
  <a href="about.html">
    <span class="fa fa-info"></span>
     
    About
  </a>
</li>
<li class="dropdown">
  <a href="#" class="dropdown-toggle" data-toggle="dropdown" role="button" aria-expanded="false">
    <span class="fa fa-gear"></span>
     
    Data Preparation
     
    <span class="caret"></span>
  </a>
  <ul class="dropdown-menu" role="menu">
    <li class="dropdown-header">Meteorology Data</li>
    <li>
      <a href="shapefiles.html">Installation Shapefiles</a>
    </li>
    <li>
      <a href="nldas_wget.html">Download NLDAS-2 Data</a>
    </li>
    <li>
      <a href="extract_cells.html">Extract from NLDAS netCDF Files</a>
    </li>
    <li>
      <a href="installation_nldas.html">Tidy NLDAS Data for Analysis</a>
    </li>
    <li>
      <a href="nldas_indices.html">NLDAS Conversions and Indices</a>
    </li>
    <li class="divider"></li>
    <li class="dropdown-header">Outcome Data</li>
    <li>
      <a href="dmed_read.html">DMED Queries</a>
    </li>
  </ul>
</li>
<li class="dropdown">
  <a href="#" class="dropdown-toggle" data-toggle="dropdown" role="button" aria-expanded="false">
    <span class="fa fa-thermometer"></span>
     
    Meteorology
     
    <span class="caret"></span>
  </a>
  <ul class="dropdown-menu" role="menu">
    <li>
      <a href="nldas_timeseries.html">Time series formats (zoo, xts, ts)</a>
    </li>
    <li>
      <a href="nldas_fable.html">Time series (Fable)</a>
    </li>
    <li>
      <a href="nldas_averaged.html">Aggregate over calendar periods</a>
    </li>
    <li>
      <a href="climatology.html">Climatologies / Anomalies</a>
    </li>
    <li>
      <a href="annual_tables.html">Annual index tables</a>
    </li>
    <li>
      <a href="af_weather.html">Air Force weather station data</a>
    </li>
  </ul>
</li>
<li class="dropdown">
  <a href="#" class="dropdown-toggle" data-toggle="dropdown" role="button" aria-expanded="false">
    <span class="fa fa-medkit"></span>
     
    Heat Illness
     
    <span class="caret"></span>
  </a>
  <ul class="dropdown-menu" role="menu">
    <li class="dropdown-header">Annual</li>
    <li>
      <a href="dmed_summary.html">Annual cases</a>
    </li>
    <li class="dropdown-header">Daily</li>
    <li class="dropdown-header">Daily cases</li>
  </ul>
</li>
<li class="dropdown">
  <a href="#" class="dropdown-toggle" data-toggle="dropdown" role="button" aria-expanded="false">
    <span class="fa fa-line-chart"></span>
     
    Models
     
    <span class="caret"></span>
  </a>
  <ul class="dropdown-menu" role="menu">
    <li class="dropdown-header">Annual</li>
    <li>
      <a href="dmed_models.html">Annual models - Outpatient HSI</a>
    </li>
    <li>
      <a href="dmed_models_hospitalization.html">Annual models - Inpatient HSI</a>
    </li>
    <li class="dropdown-header">Daily</li>
    <li>
      <a href="daily_models.html">Overview of daily models</a>
    </li>
    <li>
      <a href="case_crossover.html">Case-crossover models</a>
    </li>
  </ul>
</li>
      </ul>
      <ul class="nav navbar-nav navbar-right">
        <li>
  <a href="mailto:sal2222@cumc.columbia.edu">
    <span class="fa fa-envelope fa-lg"></span>
     
  </a>
</li>
<li>
  <a href="http://github.com/sal2222/">
    <span class="fa fa-github fa-lg"></span>
     
  </a>
</li>
      </ul>
    </div><!--/.nav-collapse -->
  </div><!--/.container -->
</div><!--/.navbar -->

<div class="fluid-row" id="header">



<h1 class="title toc-ignore">af_weather</h1>

</div>


<p><strong>Air Force SAR weather</strong></p>
<p>This code includes reads in and combines separate Excel worksheets into a single dataframe.<br />
The hourly data were produced in July 2019 by 14WS and provide WBGT, HI, RH, temperature (F), dew point (F) and UTCI (F).</p>
<p><em>Note: For Fort Irwin, Daegu, Hawaii, Yongsan, Red Cloud files, need to insert row on spreadsheet prior to line 25 so that header starts on line 26.</em></p>
<pre class="r"><code># sar_file &lt;- &quot;D:/sar_weather/SAR_9860_Aberdeen Proving Ground.csv&quot;  
#
sar_file_list &lt;- list.files(path = &quot;D:/sar_weather&quot;, pattern = &quot;^.*\\.(csv)$&quot;) %&gt;% 
                    paste0(&quot;D:/sar_weather/&quot;, .)

sar_file_list %&gt;% head()


read_sar &lt;- function(input_file) {

read_csv((input_file), col_names = TRUE, skip = 25, na = c(&quot;&quot;, &quot;NA&quot;)) %&gt;%
  janitor::clean_names() %&gt;% 
  mutate(location = stringr::str_split((input_file), &quot;9860_&quot;) %&gt;% .[[1]] %&gt;% .[2] %&gt;% 
                             str_split(., &quot;.csv&quot;) %&gt;% .[[1]] %&gt;% .[1],
             time = paste0(hour, &quot;:&quot;, &quot;00&quot;, &quot;:&quot;, &quot;00&quot;), 
             date = paste(year, month, day, sep = &quot;-&quot;),
             dttm =  paste(date, time, sep = &quot; &quot;) %&gt;% 
                 flipTime::AsDateTime()) %&gt;% 
  dplyr::select(-c(year, month, day, hour, time, date)) %&gt;% 
  dplyr::select(location, dttm, everything()) %&gt;%
  rename(wbgt = wet_bulb_globe_temp,
         rh = relitive_humidity)
}

sar_df &lt;- furrr::future_map_dfr(sar_file_list, read_sar, .progress = TRUE) 

sar_df &lt;- sar_df %&gt;% select(-c(x11, x12, x13))

sar_df</code></pre>
<p>Save file and filter locations</p>
<pre class="r"><code># save dataframe to .csv file
# save as .rds

# write_csv(sar_df, &quot;D:/sar_df.csv&quot;, append = FALSE)
 
# sar_df &lt;- read_csv(&quot;D:/sar_weather/sar_df.csv&quot;)

sar_df &lt;- sar_df %&gt;% 
  filter(location %in% c(&quot;Fort Benning&quot;, &quot;Fort Bragg&quot;,&quot;Fort Campbell&quot;,
      &quot;Fort Jackson&quot;, &quot;Fort Polk&quot;, &quot;Fort Hood&quot;,
      &quot;Fort Stewart&quot;, &quot;Fort Leonard Wood&quot;, &quot;Fort Riley&quot;,
      &quot;Fort Irwin&quot;, &quot;Fort Bliss&quot;, &quot;Fort Lewis&quot;,
      &quot;Fort Sill&quot;, &quot;Fort Carson&quot;, &quot;Fort Gordon&quot;,
      &quot;Fort Drum&quot;, &quot;JB San Antonio&quot;)
  )

# write_rds(sar_df, path = &quot;data/sar_df.rds&quot;)</code></pre>
<pre class="r"><code>sar_df &lt;- read_rds(&quot;data/sar_df.rds&quot;)

sar_df</code></pre>
<pre><code>## # A tibble: 1,506,584 x 8
##    location     dttm                 wbgt heat_index    rh temp_f dewp_f utci_f
##    &lt;chr&gt;        &lt;dttm&gt;              &lt;dbl&gt;      &lt;dbl&gt; &lt;dbl&gt;  &lt;dbl&gt;  &lt;dbl&gt;  &lt;dbl&gt;
##  1 Fort Benning 2008-01-01 00:00:00  NA         NA   100     46.4   46.4   51.6
##  2 Fort Benning 2008-01-01 01:00:00  44.2       44.6  93.3   44.6   42.8   37.9
##  3 Fort Benning 2008-01-01 02:00:00  NA         41   100     41     41     46.4
##  4 Fort Benning 2008-01-01 03:00:00  40.6       41    93.2   41     39.2   46.2
##  5 Fort Benning 2008-01-01 04:00:00  NA         37.4 100     37.4   37.4   42.8
##  6 Fort Benning 2008-01-01 05:00:00  NA         37.4 100     37.4   37.4   35.8
##  7 Fort Benning 2008-01-01 06:00:00  NA         35.6 100     35.6   35.6   33.8
##  8 Fort Benning 2008-01-01 07:00:00  NA         35.6 100     35.6   35.6   30.1
##  9 Fort Benning 2008-01-01 08:00:00  35.2       35.6  93.0   35.6   33.8   40.8
## 10 Fort Benning 2008-01-01 09:00:00  35.2       35.6  93.0   35.6   33.8   29.9
## # ... with 1,506,574 more rows</code></pre>
<pre class="r"><code># Location counts
sar_df %&gt;% 
  count(location) %&gt;%
  head() %&gt;% 
  knitr::kable() %&gt;% 
  kable_styling(bootstrap_options = c(&quot;striped&quot;, &quot;condensed&quot;, full_width = FALSE))</code></pre>
<table class="table table-striped table-condensed" style="margin-left: auto; margin-right: auto;">
<thead>
<tr>
<th style="text-align:left;">
location
</th>
<th style="text-align:right;">
n
</th>
</tr>
</thead>
<tbody>
<tr>
<td style="text-align:left;">
Fort Benning
</td>
<td style="text-align:right;">
95702
</td>
</tr>
<tr>
<td style="text-align:left;">
Fort Bliss
</td>
<td style="text-align:right;">
96087
</td>
</tr>
<tr>
<td style="text-align:left;">
Fort Bragg
</td>
<td style="text-align:right;">
94556
</td>
</tr>
<tr>
<td style="text-align:left;">
Fort Campbell
</td>
<td style="text-align:right;">
95912
</td>
</tr>
<tr>
<td style="text-align:left;">
Fort Carson
</td>
<td style="text-align:right;">
95281
</td>
</tr>
<tr>
<td style="text-align:left;">
Fort Drum
</td>
<td style="text-align:right;">
95643
</td>
</tr>
</tbody>
</table>
<div id="exploratory-plots" class="section level2">
<h2>Exploratory Plots</h2>
<div id="hour-of-day-mean-wbgt" class="section level3">
<h3>Hour of day mean WBGT</h3>
<pre class="r"><code># Plot July hourly WBGT

sar_df %&gt;%   
  filter(months(dttm) == &quot;July&quot;) %&gt;% 
  group_by(location, lubridate::year(dttm), lubridate::hour(dttm)) %&gt;% 
  summarise(mean_wbgt = mean(wbgt, na.rm = TRUE)) %&gt;%
  rename(year = `lubridate::year(dttm)`,
         hour = `lubridate::hour(dttm)`) %&gt;% 
  ggplot(aes(x = hour, y = mean_wbgt, color = factor(year))) + 
    geom_point() +
    geom_smooth(aes(group = factor(year)),  size = 0.6, se = FALSE) +
    facet_wrap(~location) +
    labs(
      title = &quot;Mean July WBGT (deg F) by Hour of Day (UTC)&quot;,
      x = &quot;Hour of day (UTC)&quot;,
      y = &quot;Mean WBGT (deg F)&quot;,
      caption = &quot;Data from 14WS/CXO, produced 29 July 2019&quot;) +
    theme_bw() +
  viridis::scale_color_viridis(
      name = &quot;Year&quot;, 
      discrete = TRUE,
      direction = -1,
      option = &quot;inferno&quot;) </code></pre>
<pre><code>## `geom_smooth()` using method = &#39;loess&#39; and formula &#39;y ~ x&#39;</code></pre>
<p><img src="af_weather_files/figure-html/hour_of_day-1.png" width="672" /></p>
</div>
<div id="yearly-mean-temperature-boxplots" class="section level3">
<h3>Yearly mean temperature boxplots</h3>
<pre class="r"><code># Locations 1 - 12
sar_df %&gt;%   
  dplyr::select(location, dttm, temp_f) %&gt;%
  mutate(location = as_factor(location),
         year = as.factor(lubridate::year(dttm))) %&gt;%
  filter(as.numeric(location) &gt; 2) %&gt;%
  filter(as.numeric(location) &lt;= 11) %&gt;% 
  group_by(location, lubridate::year(dttm)) %&gt;% 
  ggplot(aes(x = year, 
             y = temp_f)) +
    geom_boxplot() +
    facet_wrap(~location, ncol = 3) +
    labs(
      title = &quot;Yearly mean temperatures (deg F)&quot;,
      x = &quot;Year&quot;,
      y = &quot;Temperature (deg F)&quot;,
      caption = &quot;Data from 14WS/CXO, produced 29 July 2019&quot;) +
    theme_bw() +
    theme(axis.text.x = element_text(angle = 45, size = 6, hjust = 1))</code></pre>
<pre><code>## Warning: Removed 882 rows containing non-finite values (stat_boxplot).</code></pre>
<p><img src="af_weather_files/figure-html/yearly_boxplot-1.png" width="672" /></p>
</div>
</div>
<div id="compare-with-nldas-2-temperature-and-heat-indices" class="section level2">
<h2>Compare with NLDAS-2 temperature and heat indices</h2>
<pre class="r"><code>nldas_wide &lt;- read_rds(&quot;data/nldas_wide.rds&quot;) 

nldas_wide </code></pre>
<pre><code>## # A tibble: 6,573,925 x 19
##    utc_dttm            local_dttm          installation longitude latitude   TMP
##    &lt;dttm&gt;              &lt;dttm&gt;              &lt;chr&gt;            &lt;dbl&gt;    &lt;dbl&gt; &lt;dbl&gt;
##  1 1990-01-01 00:00:00 1989-12-31 18:00:00 eglin_afb        -86.5     30.6  291.
##  2 1990-01-01 01:00:00 1989-12-31 19:00:00 eglin_afb        -86.5     30.6  290.
##  3 1990-01-01 02:00:00 1989-12-31 20:00:00 eglin_afb        -86.5     30.6  289.
##  4 1990-01-01 03:00:00 1989-12-31 21:00:00 eglin_afb        -86.5     30.6  288.
##  5 1990-01-01 04:00:00 1989-12-31 22:00:00 eglin_afb        -86.5     30.6  287.
##  6 1990-01-01 05:00:00 1989-12-31 23:00:00 eglin_afb        -86.5     30.6  287.
##  7 1990-01-01 06:00:00 1990-01-01 00:00:00 eglin_afb        -86.5     30.6  286.
##  8 1990-01-01 07:00:00 1990-01-01 01:00:00 eglin_afb        -86.5     30.6  285.
##  9 1990-01-01 08:00:00 1990-01-01 02:00:00 eglin_afb        -86.5     30.6  284.
## 10 1990-01-01 09:00:00 1990-01-01 03:00:00 eglin_afb        -86.5     30.6  283.
## # ... with 6,573,915 more rows, and 13 more variables: SPFH &lt;dbl&gt;, PRES &lt;dbl&gt;,
## #   UGRD &lt;dbl&gt;, VGRD &lt;dbl&gt;, DSWRF &lt;dbl&gt;, windspeed &lt;dbl&gt;, tmp_f &lt;dbl&gt;,
## #   tmp_c &lt;dbl&gt;, rh &lt;dbl&gt;, dp_c &lt;dbl&gt;, heat_index &lt;dbl&gt;, wbgt &lt;dbl&gt;,
## #   wbgt_f &lt;dbl&gt;</code></pre>
<pre class="r"><code>af_nldas_compare &lt;-
  sar_df %&gt;% 
    mutate(location = 
             str_to_lower(location, locale = &quot;en&quot;),
             location = str_replace_all(location, &quot; &quot;, &quot;_&quot;),
             location = recode(location, fort_benning = &quot;fort_benning_ga&quot;, 
                                         fort_irwin = &quot;ntc_and_fort_irwin&quot;,
                                         jb_san_antonio = &quot;fort_sam_houston&quot;)) %&gt;% 
    left_join(nldas_wide, by = c(&quot;location&quot; = &quot;installation&quot;, &quot;dttm&quot; = &quot;utc_dttm&quot;)) %&gt;% 
    dplyr::select(location, dttm, wbgt.x, heat_index.x, temp_f, wbgt_f, heat_index.y, tmp_f) %&gt;% 
    rename(installation = location,
           utc_dttm = dttm,
           wbgt_af = wbgt.x,
           heat_index_af = heat_index.x,
           temp_af = temp_f,
           wbgt_nldas = wbgt_f,
           heat_index_nldas = heat_index.y,
           tmp_nldas = tmp_f)

af_nldas_compare</code></pre>
<pre><code>## # A tibble: 1,506,584 x 8
##    installation utc_dttm            wbgt_af heat_index_af temp_af wbgt_nldas
##    &lt;chr&gt;        &lt;dttm&gt;                &lt;dbl&gt;         &lt;dbl&gt;   &lt;dbl&gt;      &lt;dbl&gt;
##  1 fort_bennin~ 2008-01-01 00:00:00    NA            NA      46.4       46.4
##  2 fort_bennin~ 2008-01-01 01:00:00    44.2          44.6    44.6       46.3
##  3 fort_bennin~ 2008-01-01 02:00:00    NA            41      41         46.2
##  4 fort_bennin~ 2008-01-01 03:00:00    40.6          41      41         46.1
##  5 fort_bennin~ 2008-01-01 04:00:00    NA            37.4    37.4       45.2
##  6 fort_bennin~ 2008-01-01 05:00:00    NA            37.4    37.4       44.4
##  7 fort_bennin~ 2008-01-01 06:00:00    NA            35.6    35.6       43.5
##  8 fort_bennin~ 2008-01-01 07:00:00    NA            35.6    35.6       42.8
##  9 fort_bennin~ 2008-01-01 08:00:00    35.2          35.6    35.6       42.1
## 10 fort_bennin~ 2008-01-01 09:00:00    35.2          35.6    35.6       41.4
## # ... with 1,506,574 more rows, and 2 more variables: heat_index_nldas &lt;dbl&gt;,
## #   tmp_nldas &lt;dbl&gt;</code></pre>
</div>
<div id="station---nldas-comparison-plots-2008-2018" class="section level2">
<h2>Station - NLDAS Comparison Plots (2008-2018)</h2>
<div id="temperature-comparison" class="section level3">
<h3>Temperature Comparison</h3>
<pre class="r"><code>af_nldas_compare %&gt;%
    dplyr::select(installation, utc_dttm, temp_af, tmp_nldas) %&gt;% 
    na.omit() %&gt;% 
  ggplot(aes(x = temp_af, y = tmp_nldas)) + 
      geom_point(alpha = 0.2) +
      geom_smooth(method = lm, se = FALSE) +
      facet_wrap(~installation, ncol = 3) +
      labs(
        title = &quot;Temperature Comparison&quot;,
        x = &quot;Air Force Station&quot;,
        y = &quot;NLDAS&quot;) +
      theme_bw()</code></pre>
<p><img src="af_weather_files/figure-html/plots_temp_compare-1.png" width="672" /></p>
</div>
<div id="heat-index-comparison" class="section level3">
<h3>Heat Index Comparison</h3>
<pre class="r"><code>af_nldas_compare %&gt;%
    dplyr::select(installation, utc_dttm, heat_index_af, heat_index_nldas) %&gt;% 
    na.omit() %&gt;% 
  ggplot(aes(x = heat_index_af, y = heat_index_nldas)) + 
      geom_point(alpha = 0.2) +
      geom_smooth(method = lm, se = FALSE) +
      facet_wrap(~installation, ncol = 3) +
      labs(
        title = &quot;Heat Index Comparison&quot;,
        x = &quot;Air Force Station&quot;,
        y = &quot;NLDAS&quot;) +
      theme_bw()</code></pre>
<p><img src="af_weather_files/figure-html/hi_compare-1.png" width="672" /></p>
</div>
<div id="wbgt-comparison" class="section level3">
<h3>WBGT Comparison</h3>
<pre class="r"><code>af_nldas_compare %&gt;%
    dplyr::select(installation, utc_dttm, wbgt_af, wbgt_nldas) %&gt;% 
    na.omit() %&gt;% 
  ggplot(aes(x = wbgt_af, y = wbgt_nldas)) + 
      geom_point(alpha = 0.2) +
      geom_smooth(method = lm, se = FALSE) +
      facet_wrap(~installation, ncol = 3) +
      labs(
        title = &quot;WBGT Comparison&quot;,
        x = &quot;Air Force Station&quot;,
        y = &quot;NLDAS&quot;) +
      theme_bw()</code></pre>
<p><img src="af_weather_files/figure-html/wbgt_compare-1.png" width="672" /></p>
</div>
</div>
<div id="statistical-comparison" class="section level2">
<h2>Statistical comparison</h2>
<pre class="r"><code># Nest by each installation

af_nldas_nest &lt;-
  af_nldas_compare %&gt;% 
    nest(data = utc_dttm:tmp_nldas)

af_nldas_nest</code></pre>
<pre><code>## # A tibble: 16 x 2
##    installation                 data
##    &lt;chr&gt;              &lt;list&lt;df[,7]&gt;&gt;
##  1 fort_benning_ga      [95,702 x 7]
##  2 fort_bliss           [96,087 x 7]
##  3 fort_bragg           [94,556 x 7]
##  4 fort_campbell        [95,912 x 7]
##  5 fort_carson          [95,281 x 7]
##  6 fort_drum            [95,643 x 7]
##  7 fort_gordon          [95,970 x 7]
##  8 fort_hood            [95,801 x 7]
##  9 ntc_and_fort_irwin   [75,650 x 7]
## 10 fort_jackson         [96,005 x 7]
## 11 fort_leonard_wood    [94,699 x 7]
## 12 fort_polk            [95,476 x 7]
## 13 fort_riley           [95,023 x 7]
## 14 fort_sill            [94,511 x 7]
## 15 fort_stewart         [94,201 x 7]
## 16 fort_sam_houston     [96,067 x 7]</code></pre>
<div id="correlation" class="section level3">
<h3>Correlation</h3>
<pre class="r"><code># Correlation function

cor_fun = function(df) {
  df %&gt;% 
    dplyr::select(2:7) %&gt;% 
    cor(use = &quot;pairwise.complete.obs&quot;)
}

# Map function over each installation
cor_nest &lt;-
  map(af_nldas_nest$data, cor_fun)

# Add installation names to list elements 
names(cor_nest) &lt;- af_nldas_nest$installation 


# Map corrplots

map2(.x = cor_nest, .y = names(cor_nest), ~ corrplot(.x, method = &quot;number&quot;, order = &quot;hclust&quot;, addrect = 2, title = .y, mar = c(0, 0, 1, 0)))</code></pre>
<p><img src="af_weather_files/figure-html/correlation-1.png" width="672" /><img src="af_weather_files/figure-html/correlation-2.png" width="672" /><img src="af_weather_files/figure-html/correlation-3.png" width="672" /><img src="af_weather_files/figure-html/correlation-4.png" width="672" /><img src="af_weather_files/figure-html/correlation-5.png" width="672" /><img src="af_weather_files/figure-html/correlation-6.png" width="672" /><img src="af_weather_files/figure-html/correlation-7.png" width="672" /><img src="af_weather_files/figure-html/correlation-8.png" width="672" /><img src="af_weather_files/figure-html/correlation-9.png" width="672" /><img src="af_weather_files/figure-html/correlation-10.png" width="672" /><img src="af_weather_files/figure-html/correlation-11.png" width="672" /><img src="af_weather_files/figure-html/correlation-12.png" width="672" /><img src="af_weather_files/figure-html/correlation-13.png" width="672" /><img src="af_weather_files/figure-html/correlation-14.png" width="672" /><img src="af_weather_files/figure-html/correlation-15.png" width="672" /><img src="af_weather_files/figure-html/correlation-16.png" width="672" /></p>
<pre><code>## $fort_benning_ga
##                    wbgt_af heat_index_af   temp_af wbgt_nldas heat_index_nldas
## wbgt_af          1.0000000     0.9834040 0.9825707  0.9820797        0.9624705
## heat_index_af    0.9834040     1.0000000 0.9930620  0.9539140        0.9577692
## temp_af          0.9825707     0.9930620 1.0000000  0.9543030        0.9501707
## wbgt_nldas       0.9820797     0.9539140 0.9543030  1.0000000        0.9800206
## heat_index_nldas 0.9624705     0.9577692 0.9501707  0.9800206        1.0000000
## tmp_nldas        0.9662831     0.9576572 0.9583627  0.9832904        0.9940767
##                  tmp_nldas
## wbgt_af          0.9662831
## heat_index_af    0.9576572
## temp_af          0.9583627
## wbgt_nldas       0.9832904
## heat_index_nldas 0.9940767
## tmp_nldas        1.0000000
## 
## $fort_bliss
##                  wbgt_nldas heat_index_nldas tmp_nldas   wbgt_af heat_index_af
## wbgt_nldas        1.0000000        0.9895652 0.9914806 0.7763626     0.7297962
## heat_index_nldas  0.9895652        1.0000000 0.9973810 0.7886121     0.7502955
## tmp_nldas         0.9914806        0.9973810 1.0000000 0.7904365     0.7529498
## wbgt_af           0.7763626        0.7886121 0.7904365 1.0000000     0.9656590
## heat_index_af     0.7297962        0.7502955 0.7529498 0.9656590     1.0000000
## temp_af           0.7114986        0.7327696 0.7356572 0.9473655     0.9917228
##                    temp_af
## wbgt_nldas       0.7114986
## heat_index_nldas 0.7327696
## tmp_nldas        0.7356572
## wbgt_af          0.9473655
## heat_index_af    0.9917228
## temp_af          1.0000000
## 
## $fort_bragg
##                  wbgt_nldas heat_index_nldas tmp_nldas   wbgt_af heat_index_af
## wbgt_nldas        1.0000000        0.9865720 0.9908035 0.9027882     0.8892861
## heat_index_nldas  0.9865720        1.0000000 0.9940969 0.8872969     0.8882969
## tmp_nldas         0.9908035        0.9940969 1.0000000 0.8908050     0.8870892
## wbgt_af           0.9027882        0.8872969 0.8908050 1.0000000     0.9833214
## heat_index_af     0.8892861        0.8882969 0.8870892 0.9833214     1.0000000
## temp_af           0.8873353        0.8821196 0.8849170 0.9824168     0.9953955
##                    temp_af
## wbgt_nldas       0.8873353
## heat_index_nldas 0.8821196
## tmp_nldas        0.8849170
## wbgt_af          0.9824168
## heat_index_af    0.9953955
## temp_af          1.0000000
## 
## $fort_campbell
##                    wbgt_af heat_index_af   temp_af wbgt_nldas heat_index_nldas
## wbgt_af          1.0000000     0.9879411 0.9875604  0.7580489        0.7478947
## heat_index_af    0.9879411     1.0000000 0.9960290  0.7482642        0.7503827
## temp_af          0.9875604     0.9960290 1.0000000  0.7422721        0.7449986
## wbgt_nldas       0.7580489     0.7482642 0.7422721  1.0000000        0.9584095
## heat_index_nldas 0.7478947     0.7503827 0.7449986  0.9584095        1.0000000
## tmp_nldas        0.7336172     0.7365455 0.7317365  0.9485461        0.9958633
##                  tmp_nldas
## wbgt_af          0.7336172
## heat_index_af    0.7365455
## temp_af          0.7317365
## wbgt_nldas       0.9485461
## heat_index_nldas 0.9958633
## tmp_nldas        1.0000000
## 
## $fort_carson
##                    wbgt_af heat_index_af   temp_af wbgt_nldas heat_index_nldas
## wbgt_af          1.0000000     0.9780460 0.9738596  0.9128302        0.8971852
## heat_index_af    0.9780460     1.0000000 0.9976830  0.8706556        0.8784742
## temp_af          0.9738596     0.9976830 1.0000000  0.8683189        0.8760786
## wbgt_nldas       0.9128302     0.8706556 0.8683189  1.0000000        0.9564151
## heat_index_nldas 0.8971852     0.8784742 0.8760786  0.9564151        1.0000000
## tmp_nldas        0.8932246     0.8775928 0.8763795  0.9506569        0.9965843
##                  tmp_nldas
## wbgt_af          0.8932246
## heat_index_af    0.8775928
## temp_af          0.8763795
## wbgt_nldas       0.9506569
## heat_index_nldas 0.9965843
## tmp_nldas        1.0000000
## 
## $fort_drum
##                    wbgt_af heat_index_af   temp_af wbgt_nldas heat_index_nldas
## wbgt_af          1.0000000     0.9928388 0.9934133  0.8247883        0.8351915
## heat_index_af    0.9928388     1.0000000 0.9987695  0.8010680        0.8187309
## temp_af          0.9934133     0.9987695 1.0000000  0.8023513        0.8184507
## wbgt_nldas       0.8247883     0.8010680 0.8023513  1.0000000        0.9811662
## heat_index_nldas 0.8351915     0.8187309 0.8184507  0.9811662        1.0000000
## tmp_nldas        0.8247640     0.8067373 0.8077562  0.9860395        0.9929356
##                  tmp_nldas
## wbgt_af          0.8247640
## heat_index_af    0.8067373
## temp_af          0.8077562
## wbgt_nldas       0.9860395
## heat_index_nldas 0.9929356
## tmp_nldas        1.0000000
## 
## $fort_gordon
##                    wbgt_af heat_index_af   temp_af wbgt_nldas heat_index_nldas
## wbgt_af          1.0000000     0.9825710 0.9806068  0.8050837        0.7989776
## heat_index_af    0.9825710     1.0000000 0.9944190  0.8025202        0.8124422
## temp_af          0.9806068     0.9944190 1.0000000  0.7982817        0.8042375
## wbgt_nldas       0.8050837     0.8025202 0.7982817  1.0000000        0.9775387
## heat_index_nldas 0.7989776     0.8124422 0.8042375  0.9775387        1.0000000
## tmp_nldas        0.7918254     0.8072097 0.8012221  0.9711642        0.9955499
##                  tmp_nldas
## wbgt_af          0.7918254
## heat_index_af    0.8072097
## temp_af          0.8012221
## wbgt_nldas       0.9711642
## heat_index_nldas 0.9955499
## tmp_nldas        1.0000000
## 
## $fort_hood
##                  wbgt_nldas heat_index_nldas tmp_nldas   wbgt_af heat_index_af
## wbgt_nldas        1.0000000        0.9809332 0.9837475 0.7804747     0.7634902
## heat_index_nldas  0.9809332        1.0000000 0.9952536 0.7971959     0.7994831
## tmp_nldas         0.9837475        0.9952536 1.0000000 0.7995704     0.7984041
## wbgt_af           0.7804747        0.7971959 0.7995704 1.0000000     0.9784228
## heat_index_af     0.7634902        0.7994831 0.7984041 0.9784228     1.0000000
## temp_af           0.7503761        0.7871348 0.7882601 0.9714961     0.9946496
##                    temp_af
## wbgt_nldas       0.7503761
## heat_index_nldas 0.7871348
## tmp_nldas        0.7882601
## wbgt_af          0.9714961
## heat_index_af    0.9946496
## temp_af          1.0000000
## 
## $ntc_and_fort_irwin
##                  wbgt_nldas heat_index_nldas tmp_nldas   wbgt_af heat_index_af
## wbgt_nldas        1.0000000        0.9836065 0.9870577 0.6979008     0.6768565
## heat_index_nldas  0.9836065        1.0000000 0.9950599 0.7413162     0.7273852
## tmp_nldas         0.9870577        0.9950599 1.0000000 0.7351440     0.7183684
## wbgt_af           0.6979008        0.7413162 0.7351440 1.0000000     0.9683445
## heat_index_af     0.6768565        0.7273852 0.7183684 0.9683445     1.0000000
## temp_af           0.6772163        0.7306334 0.7206142 0.9620363     0.9946375
##                    temp_af
## wbgt_nldas       0.6772163
## heat_index_nldas 0.7306334
## tmp_nldas        0.7206142
## wbgt_af          0.9620363
## heat_index_af    0.9946375
## temp_af          1.0000000
## 
## $fort_jackson
##                  wbgt_nldas heat_index_nldas tmp_nldas   wbgt_af heat_index_af
## wbgt_nldas        1.0000000        0.9861300 0.9860350 0.8055805     0.8138331
## heat_index_nldas  0.9861300        1.0000000 0.9968925 0.7885890     0.8082088
## tmp_nldas         0.9860350        0.9968925 1.0000000 0.7867152     0.8056704
## wbgt_af           0.8055805        0.7885890 0.7867152 1.0000000     0.9827883
## heat_index_af     0.8138331        0.8082088 0.8056704 0.9827883     1.0000000
## temp_af           0.8070318        0.7988324 0.7981269 0.9799866     0.9946775
##                    temp_af
## wbgt_nldas       0.8070318
## heat_index_nldas 0.7988324
## tmp_nldas        0.7981269
## wbgt_af          0.9799866
## heat_index_af    0.9946775
## temp_af          1.0000000
## 
## $fort_leonard_wood
##                    wbgt_af heat_index_af   temp_af wbgt_nldas heat_index_nldas
## wbgt_af          1.0000000     0.9882921 0.9879350  0.8647647        0.8543280
## heat_index_af    0.9882921     1.0000000 0.9966871  0.8480951        0.8538908
## temp_af          0.9879350     0.9966871 1.0000000  0.8455665        0.8500911
## wbgt_nldas       0.8647647     0.8480951 0.8455665  1.0000000        0.9662278
## heat_index_nldas 0.8543280     0.8538908 0.8500911  0.9662278        1.0000000
## tmp_nldas        0.8506349     0.8512813 0.8485027  0.9649527        0.9967298
##                  tmp_nldas
## wbgt_af          0.8506349
## heat_index_af    0.8512813
## temp_af          0.8485027
## wbgt_nldas       0.9649527
## heat_index_nldas 0.9967298
## tmp_nldas        1.0000000
## 
## $fort_polk
##                    wbgt_af heat_index_af   temp_af wbgt_nldas heat_index_nldas
## wbgt_af          1.0000000     0.9827996 0.9811375  0.7225645        0.7049658
## heat_index_af    0.9827996     1.0000000 0.9936098  0.7505370        0.7440206
## temp_af          0.9811375     0.9936098 1.0000000  0.7442236        0.7315476
## wbgt_nldas       0.7225645     0.7505370 0.7442236  1.0000000        0.9534184
## heat_index_nldas 0.7049658     0.7440206 0.7315476  0.9534184        1.0000000
## tmp_nldas        0.7001213     0.7409770 0.7283940  0.9522402        0.9971298
##                  tmp_nldas
## wbgt_af          0.7001213
## heat_index_af    0.7409770
## temp_af          0.7283940
## wbgt_nldas       0.9522402
## heat_index_nldas 0.9971298
## tmp_nldas        1.0000000
## 
## $fort_riley
##                    wbgt_af heat_index_af   temp_af wbgt_nldas heat_index_nldas
## wbgt_af          1.0000000     0.9887196 0.9880474  0.7514029        0.7242227
## heat_index_af    0.9887196     1.0000000 0.9973415  0.7445115        0.7242057
## temp_af          0.9880474     0.9973415 1.0000000  0.7442317        0.7230097
## wbgt_nldas       0.7514029     0.7445115 0.7442317  1.0000000        0.9783105
## heat_index_nldas 0.7242227     0.7242057 0.7230097  0.9783105        1.0000000
## tmp_nldas        0.7292411     0.7285480 0.7280226  0.9814164        0.9973682
##                  tmp_nldas
## wbgt_af          0.7292411
## heat_index_af    0.7285480
## temp_af          0.7280226
## wbgt_nldas       0.9814164
## heat_index_nldas 0.9973682
## tmp_nldas        1.0000000
## 
## $fort_sill
##                  wbgt_nldas heat_index_nldas tmp_nldas   wbgt_af heat_index_af
## wbgt_nldas        1.0000000        0.9810833 0.9841709 0.7809733     0.7532541
## heat_index_nldas  0.9810833        1.0000000 0.9953773 0.8039849     0.7920707
## tmp_nldas         0.9841709        0.9953773 1.0000000 0.8037776     0.7889194
## wbgt_af           0.7809733        0.8039849 0.8037776 1.0000000     0.9849734
## heat_index_af     0.7532541        0.7920707 0.7889194 0.9849734     1.0000000
## temp_af           0.7442110        0.7817647 0.7810580 0.9810180     0.9957021
##                    temp_af
## wbgt_nldas       0.7442110
## heat_index_nldas 0.7817647
## tmp_nldas        0.7810580
## wbgt_af          0.9810180
## heat_index_af    0.9957021
## temp_af          1.0000000
## 
## $fort_stewart
##                    wbgt_af heat_index_af   temp_af wbgt_nldas heat_index_nldas
## wbgt_af          1.0000000     0.9828353 0.9823206  0.7931280        0.7708381
## heat_index_af    0.9828353     1.0000000 0.9928480  0.7965257        0.7903917
## temp_af          0.9823206     0.9928480 1.0000000  0.7850296        0.7744475
## wbgt_nldas       0.7931280     0.7965257 0.7850296  1.0000000        0.9813752
## heat_index_nldas 0.7708381     0.7903917 0.7744475  0.9813752        1.0000000
## tmp_nldas        0.7645525     0.7845275 0.7706630  0.9777115        0.9967269
##                  tmp_nldas
## wbgt_af          0.7645525
## heat_index_af    0.7845275
## temp_af          0.7706630
## wbgt_nldas       0.9777115
## heat_index_nldas 0.9967269
## tmp_nldas        1.0000000
## 
## $fort_sam_houston
##                    wbgt_af wbgt_nldas heat_index_nldas tmp_nldas heat_index_af
## wbgt_af          1.0000000  0.9710813        0.9505221 0.9408577     0.9757757
## wbgt_nldas       0.9710813  1.0000000        0.9738592 0.9647768     0.9412858
## heat_index_nldas 0.9505221  0.9738592        1.0000000 0.9941902     0.9594756
## tmp_nldas        0.9408577  0.9647768        0.9941902 1.0000000     0.9554562
## heat_index_af    0.9757757  0.9412858        0.9594756 0.9554562     1.0000000
## temp_af          0.9669947  0.9352015        0.9562482 0.9601100     0.9930760
##                    temp_af
## wbgt_af          0.9669947
## wbgt_nldas       0.9352015
## heat_index_nldas 0.9562482
## tmp_nldas        0.9601100
## heat_index_af    0.9930760
## temp_af          1.0000000</code></pre>
</div>
<div id="regression" class="section level3">
<h3>Regression</h3>
<pre class="r"><code># Nest by each installation, linear models for Temp, Heat Index, WBGT

af_nldas_lm &lt;-
  af_nldas_nest %&gt;% 
      mutate(temp_lm = map(data, ~ lm(tmp_nldas ~ temp_af, data = .)),
             heat_index_lm = map(data, ~ lm(heat_index_nldas ~ heat_index_af, data = .)),
             wbgt_lm = map(data, ~ lm(wbgt_nldas ~ wbgt_af, data = .)),
             temp_glance = map(temp_lm, broom::glance),
             temp_tidy =   map(temp_lm, broom::tidy),
             heat_index_glance = map(heat_index_lm, broom::glance),
